екатеринбург, шаумяна, 20, 1; 1; 18; 0
екатеринбург, шаумяна, 20, 1; 1; 18; 1
екатеринбург, шаумяна, 20, 2; 1; 10; 0
екатеринбург, шаумяна, 20, 3; 1; 8; 1
екатеринбург, шаумяна, 20, 4; 1; 10; 0
екатеринбург, шаумяна, 20, 5; 1; 10; 0
екатеринбург, шаумяна, 20, 6; 1; 10; 0
екатеринбург, шаумяна, 28, 1; 1; 18; 0
екатеринбург, шаумяна, 28, 1; 1; 18; 0
екатеринбург, шаумяна, 28, 2; 1; 10; 1
екатеринбург, шаумяна, 28, 3; 1; 8; 1
екатеринбург, шаумяна, 28, 4; 1; 10; 0
екатеринбург, шаумяна, 28, 5; 1; 10; 0
екатеринбург, шаумяна, 28, 6; 1; 10; 1